321
322
323
325
326
328
329
330
332
333
335
336
338
339
340
342
343
345
346
347
349
350
352
353
354
356
357
359
0
1
3
4
6
7
8
10
11
13
14
15
17
18
20
21
23
24
25
27
28
30
31
32
34
35
37
38
39
41
42
44
45
46
48
49
51
52
53
55
56
58
59
60
62
63
65
66
68
69
70
72
73
75
76
77
79
80
82
83
84
86
87
89
90
91
93
94
96
97
98
100
101
103
104
105
107
108
110
111
113
114
115
117
118
120
121
122
124
125
127
128
129
131
132
134
135
136
138
139
141
142
143
145
146
148
149
150
152
153
155
156
158
159
160
162
163
165
166
167
169
170
172
173
174
176
177
179
180
181
183
184
186
187
188
190
191
193
194
195
197
198
200
201
203
204
205
207
208
210
211
212
214
215
217
218
219
221
222
224
225
226
228
229
231
232
233
235
236
238
239
240
242
243
245
246
248
249
250
252
253
255
256
257
259
260
262
263
264
266
267
269
270
271
273
274
276
277
278
280
281
283
284
285
287
288
290
291
293
294
295
297
298
300
301
302
304
305
307
308
309
311
312
314
315
316
318
319

